decison tree
Final result: mean accuracy = 56.15%
Accuracy results report:
[0.56186800732241005, 0.56450652020382586, 0.56188289359491161, 0.56355357092662395, 0.56522304868225615, 0.5563822306163877, 0.55734144404145036, 0.56043430528459104, 0.557080993290
71881, 0.5609030018938479, 0.55972405742417364, 0.56522475334300171, 0.56309286783120172, 0.56164422187534868, 0.56355011219467632, 0.55972290725854978, 0.56069192591418127, 0.564507
0664638715, 0.55971087581241763, 0.55924041689688286, 0.55900750424051515, 0.56378994231493917, 0.56045436318486186, 0.56714956786712845, 0.56381171311103162, 0.56572047472688092, 0.
56140333217529859, 0.55876308169283306, 0.55614583452284438, 0.56115718026164263]
cross_validation function took 29686.641693115234 ms

KNN
Final result: mean accuracy = 61.34%
Accuracy results report:
[0.61336170737941875, 0.61336170737941875, 0.61336170737941875, 0.61336170737941875, 0.61336170737941875, 0.61336170737941875, 0.61336170737941875, 0.61336170737941875, 0.61336170737
941875, 0.61336170737941875, 0.61336170737941875, 0.61336170737941875, 0.61336170737941875, 0.61336170737941875, 0.61336170737941875, 0.61336170737941875, 0.61336170737941875, 0.6133
6170737941875, 0.61336170737941875, 0.61336170737941875, 0.61336170737941875, 0.61336170737941875, 0.61336170737941875, 0.61336170737941875, 0.61336170737941875, 0.61336170737941875,
 0.61336170737941875, 0.61336170737941875, 0.61336170737941875, 0.61336170737941875]
cross_validation function took 148123.82531166077 ms

SVM
Final result: mean accuracy = 60.45%
Accuracy results report:
[0.60448988425216288, 0.60448988425216288, 0.60448988425216288, 0.60448988425216288, 0.60448988425216288, 0.60448988425216288, 0.60448988425216288, 0.60448988425216288, 0.60448988425
216288, 0.60448988425216288, 0.60448988425216288, 0.60448988425216288, 0.60448988425216288, 0.60448988425216288, 0.60448988425216288, 0.60448988425216288, 0.60448988425216288, 0.6044
8988425216288, 0.60448988425216288, 0.60448988425216288, 0.60448988425216288, 0.60448988425216288, 0.60448988425216288, 0.60448988425216288, 0.60448988425216288, 0.60448988425216288,
 0.60448988425216288, 0.60448988425216288, 0.60448988425216288, 0.60448988425216288]
cross_validation function took 310162.5204086304 ms

MLP

Final result: mean accuracy = 64.07%
Accuracy results report:
[0.64207696469150732, 0.64495697941362751, 0.63754522154770243, 0.64255827194724624, 0.63943213825177458, 0.64207982775295291, 0.64567699132923351, 0.63776436515688817, 0.64017799183
607493, 0.64231445330514236, 0.65022820493788325, 0.64304366654573919, 0.64209416776540895, 0.6415978918864077, 0.63969491403898193, 0.6420855538758441, 0.63849587049365664, 0.636564
75064628881, 0.63801108803581807, 0.64304250814503927, 0.64088364726907321, 0.63683667834803059, 0.63707248700614794, 0.63681831687342938, 0.64231504074056833, 0.63441965881750451, 0
.63731744757879982, 0.64543429814752507, 0.6425634682802438, 0.63729570972301164]
cross_validation function took 525863.2440567017 ms
